---------- 0 , 0 ----------(23)
2 1 8 1 8 0 4 6 0 9 5 3 1 1 3 1 8 2 2 7 3 7 0 

---------- 0 , 1 ----------(29)
3 3 4 3 5 4 0 4 1 2 2 0 1 5 4 2 1 4 3 0 0 0 1 1 0 3 2 2 0 

---------- 0 , 2 ----------(34)
0 0 1 1 0 2 1 1 0 0 1 1 2 1 0 1 1 0 0 2 1 0 0 2 0 2 0 2 1 2 2 1 1 1 

---------- 0 , 3 ----------(28)
4 4 0 2 2 1 0 1 4 6 2 0 2 1 2 1 3 4 1 3 3 3 1 1 2 3 2 1 

---------- 0 , 4 ----------(23)
0 0 0 1 2 1 5 5 2 0 0 1 3 1 1 0 2 1 2 2 3 1 1 



---------- 1 , 0 ----------(23)
9 8 7 7 6 8 12 7 7 12 12 5 8 10 6 6 8 8 5 7 6 7 8 

---------- 1 , 1 ----------(20)
5 4 4 3 4 6 5 5 6 7 4 1 3 4 6 3 6 6 4 3 

---------- 1 , 2 ----------(33)
1 3 1 2 0 0 2 0 3 1 1 1 1 0 0 3 1 0 2 1 1 3 0 1 1 1 1 1 1 2 0 2 1 

---------- 1 , 3 ----------(30)
1 1 2 1 1 1 1 0 0 2 2 2 1 0 0 0 2 0 0 2 1 1 3 1 1 0 2 1 0 1 

---------- 1 , 4 ----------(25)
2 2 0 2 1 0 0 0 3 0 1 3 4 2 0 1 4 2 0 1 0 1 0 1 2 



---------- 2 , 0 ----------(27)
11 10 13 7 9 17 8 8 9 9 11 10 7 14 10 9 8 9 7 11 11 9 9 11 13 12 10 

---------- 2 , 1 ----------(26)
5 7 6 7 6 5 6 4 5 6 6 5 5 5 6 7 7 7 6 4 4 7 5 7 5 5 

---------- 2 , 2 ----------(24)
1 3 3 4 2 2 3 2 2 3 3 4 1 3 4 2 3 3 3 4 3 4 3 3 

---------- 2 , 3 ----------(41)
1 1 2 2 1 2 0 0 2 3 2 0 3 1 1 3 1 1 1 1 1 0 0 2 3 1 2 1 0 1 0 2 2 1 2 1 2 1 1 2 0 

---------- 2 , 4 ----------(41)
1 1 0 2 3 0 1 2 3 1 0 3 1 0 2 2 3 2 1 3 0 3 0 0 0 0 2 4 3 3 1 1 1 3 1 0 2 4 3 2 1 



---------- 3 , 0 ----------(21)
9 10 9 13 15 9 13 13 12 9 12 14 9 8 8 12 11 10 10 10 9 

---------- 3 , 1 ----------(37)
6 5 7 5 5 7 6 8 5 7 4 8 5 7 7 7 5 6 5 5 5 8 6 4 5 4 6 6 6 6 6 5 5 4 8 8 7 

---------- 3 , 2 ----------(6)
7 5 3 6 4 4 

---------- 3 , 3 ----------(15)
3 3 4 4 2 2 2 4 3 2 4 4 4 3 4 

---------- 3 , 4 ----------(24)
1 1 1 2 1 1 0 2 1 2 1 0 0 0 1 2 1 0 1 1 2 1 1 1 



---------- 4 , 0 ----------(21)
10 9 7 9 9 10 8 7 8 8 8 9 10 10 11 6 9 6 8 10 9 

---------- 4 , 1 ----------(42)
8 10 8 10 8 11 8 13 10 8 11 10 9 13 10 12 8 9 8 8 10 8 9 13 9 8 11 10 12 8 8 10 13 11 10 8 9 13 10 9 8 9 

---------- 4 , 2 ----------(53)
5 7 7 7 7 5 6 7 7 7 7 7 5 4 5 5 5 6 6 5 6 4 7 5 5 7 7 5 6 5 7 5 5 6 6 5 7 6 5 7 6 6 6 6 6 6 5 5 6 6 5 6 6 

---------- 4 , 3 ----------(57)
4 5 2 2 4 4 5 3 4 4 4 5 5 2 4 4 4 3 3 4 3 5 2 3 3 4 4 3 4 4 5 4 3 4 4 5 6 2 4 3 6 4 3 2 3 4 3 7 4 4 3 4 3 4 3 2 4 

---------- 4 , 4 ----------(65)
1 2 0 2 1 1 0 1 0 0 0 0 3 1 1 0 0 2 0 0 2 0 0 0 1 0 3 0 1 0 2 2 0 2 1 1 0 3 2 0 0 0 0 0 2 0 0 1 0 2 0 0 2 2 0 2 0 2 1 2 2 1 0 1 1 



